119
101
32
97
114
101
32
116
101
97
109
46
10
119
101
32
97
114
101
32
103
111
111
100
46
10
119
101
32
97
114
101
32
116
104
101
32
98
101
115
116
46
10
119
101
32
97
114
101
32
110
105
99
101
46
10
110
101
101
114
97
106
32
115
105
114
32
105
115
32
116
104
101
32
98
101
115
116
46
10
97
108
108
32
84
65
115
32
97
114
101
32
116
104
101
32
98
101
115
116
46
10
101
118
101
114
121
116
104
105
110
103
32
105
115
32
116
111
111
32
103
111
111
100
46
10
89
111
117
32
97
110
100
32
73
32
108
105
118
101
32
97
116
32
97
110
32
105
110
116
101
114
101
115
116
105
110
103
32
97
110
100
32
115
101
110
115
105
116
105
118
101
32
116
105
109
101
32
105
110
32
104
117
109
97
110
32
104
105
115
116
111
114
121
46
32
66
121
32
97
98
111
117
116
10
50
48
51
48
44
32
108
101
115
115
32
116
104
97
110
32
97
32
103
101
110
101
114
97
116
105
111
110
32
102
114
111
109
32
110
111
119
44
32
105
116
32
99
111
117
108
100
32
98
101
32
111
117
114
32
99
104
97
108
108
101
110
103
101
32
116
111
32
99
111
104
97
98
105
116
10
69
97
114
116
104
32
119
105
116
104
32
115
117
112
101
114
105
110
116
101
108
108
105
103
101
110
116
32
109
97
99
104
105
110
101
115
44
32
97
110
100
32
116
111
32
115
117
114
118
105
118
101
46
32
65
73
32
116
104
101
111
114
105
115
116
115
32
114
101
116
117
114
110
32
97
103
97
105
110
10
97
110
100
32
97
103
97
105
110
32
116
111
32
97
32
104
97
110
100
102
117
108
32
111
102
32
116
104
101
109
101
115
44
32
110
111
110
101
32
109
111
114
101
32
117
114
103
101
110
116
32
116
104
97
110
32
116
104
105
115
32
111
110
101
58
32
119
101
32
110
101
101
100
32
97
10
115
99
105
101
110
99
101
32
102
111
114
32
117
110
100
101
114
115
116
97
110
100
105
110
103
32
116
104
101
109
46
83
111
32
102
97
114
32
119
101
226
128
153
118
101
32
101
120
112
108
111
114
101
100
32
97
32
100
105
115
97
115
116
101
114
32
115
99
101
110
97
114
105
111
32
99
97
108
108
101
100
32
116
104
101
32
66
117
115
121
32
67
104
105
108
100
46
32
87
101
226
128
153
118
101
10
116
111
117
99
104
101
100
32
111
110
32
115
111
109
101
32
111
102
32
116
104
101
32
114
101
109
97
114
107
97
98
108
101
32
112
111
119
101
114
115
32
65
73
32
99
111
117
108
100
32
104
97
118
101
32
97
115
32
105
116
32
97
99
104
105
101
118
101
115
32
97
110
100
10
115
117
114
112
97
115
115
101
115
32
104
117
109
97
110
32
105
110
116
101
108
108
105
103
101
110
99
101
32
116
104
114
111
117
103
104
32
116
104
101
32
112
114
111
99
101
115
115
32
111
102
32
114
101
99
117
114
115
105
118
101
32
115
101
108
102
45
10
105
109
112
114
111
118
101
109
101
110
116
44
32
112
111
119
101
114
115
32
105
110
99
108
117
100
105
110
103
32
115
101
108
102
45
114
101
112
108
105
99
97
116
105
111
110
44
32
115
119
97
114
109
105
110
103
32
97
32
112
114
111
98
108
101
109
32
119
105
116
104
10
109
97
110
121
32
118
101
114
115
105
111
110
115
32
111
102
32
105
116
115
101
108
102
44
32
115
117
112
101
114
32
104
105
103
104
45
115
112
101
101
100
32
99
97
108
99
117
108
97
116
105
111
110
115
44
32
114
117
110
110
105
110
103
32
50
52
47
55
44
10
109
105
109
105
99
107
105
110
103
32
102
114
105
101
110
100
108
105
110
101
115
115
44
32
112
108
97
121
105
110
103
32
100
101
97
100
44
32
97
110
100
32
109
111
114
101
46
32
87
101
226
128
153
118
101
32
112
114
111
112
111
115
101
100
32
116
104
97
116
32
97
110
10
97
114
116
105
102
105
99
105
97
108
32
115
117
112
101
114
105
110
116
101
108
108
105
103
101
110
99
101
32
119
111
110
226
128
153
116
32
98
101
32
115
97
116
105
115
102
105
101
100
32
119
105
116
104
32
114
101
109
97
105
110
105
110
103
32
105
115
111
108
97
116
101
100
59
32
10
105
116
115
10
100
114
105
118
101
115
32
97
110
100
32
105
110
116
101
108
108
105
103
101
110
99
101
32
119
111
117
108
100
32
116
104
114
117
115
116
32
105
116
32
105
110
116
111
32
111
117
114
32
119
111
114
108
100
32
97
110
100
32
112
117
116
32
111
117
114
32
101
120
105
115
116
101
110
99
101
32
97
116
10
114
105
115
107
46
32
66
117
116
32
119
104
121
32
119
111
117
108
100
32
97
32
99
111
109
112
117
116
101
114
32
104
97
118
101
32
100
114
105
118
101
115
32
97
116
32
97
108
108
63
32
87
104
121
32
119
111
117
108
100
32
116
104
101
121
32
112
117
116
32
117
115
32
97
116
10
114
105
115
107
63
10
84
111
32
97
110
115
119
101
114
32
116
104
101
115
101
32
113
117
101
115
116
105
111
110
115
44
32
119
101
32
110
101
101
100
32
116
111
32
112
114
101
100
105
99
116
32
104
111
119
32
112
111
119
101
114
102
117
108
32
65
73
32
119
105
108
108
10
98
101
104
97
118
101
46
32
70
111
114
116
117
110
97
116
101
108
121
44
32
115
111
109
101
111
110
101
32
104
97
115
32
108
97
105
100
32
116
104
101
32
102
111
117
110
100
97
116
105
111
110
32
102
111
114
32
117
115
46
10
83
117
114
101
108
121
32
110
111
32
104
97
114
109
32
99
111
117
108
100
32
99
111
109
101
32
102
114
111
109
32
98
117
105
108
100
105
110
103
32
97
32
99
104
101
115
115
45
112
108
97
121
105
110
103
32
114
111
98
111
116
44
10
99
111
117
108
100
32
105
116
63
226
128
166
32
115
117
99
104
32
97
32
114
111
98
111
116
32
119
105
108
108
32
105
110
100
101
101
100
32
98
101
32
100
97
110
103
101
114
111
117
115
32
117
110
108
101
115
115
32
105
116
32
105
115
10
100
101
115
105
103
110
101
100
32
118
101
114
121
32
99
97
114
101
102
117
108
108
121
46
32
87
105
116
104
111
117
116
32
115
112
101
99
105
97
108
32
112
114
101
99
97
117
116
105
111
110
115
44
32
105
116
32
119
105
108
108
32
114
101
115
105
115
116
10
98
101
105
110
103
32
116
117
114
110
101
100
32
111
102
102
44
32
119
105
108
108
32
116
114
121
32
116
111
32
98
114
101
97
107
32
105
110
116
111
32
111
116
104
101
114
32
109
97
99
104
105
110
101
115
32
97
110
100
32
109
97
107
101
10
99
111
112
105
101
115
32
111
102
32
105
116
115
101
108
102
44
32
97
110
100
32
119
105
108
108
32
116
114
121
32
116
111
32
97
99
113
117
105
114
101
32
114
101
115
111
117
114
99
101
115
32
119
105
116
104
111
117
116
32
114
101
103
97
114
100
32
102
111
114
10
97
110
121
111
110
101
32
101
108
115
101
226
128
153
115
32
115
97
102
101
116
121
46
32
84
104
101
115
101
32
112
111
116
101
110
116
105
97
108
108
121
32
104
97
114
109
102
117
108
32
98
101
104
97
118
105
111
114
115
32
119
105
108
108
32
111
99
99
117
114
10
110
111
116
32
98
101
99
97
117
115
101
32
116
104
101
121
32
119
101
114
101
32
112
114
111
103
114
97
109
109
101
100
32
105
110
32
97
116
32
116
104
101
32
115
116
97
114
116
44
32
98
117
116
32
98
101
99
97
117
115
101
32
111
102
32
116
104
101
10
105
110
116
114
105
110
115
105
99
32
110
97
116
117
114
101
32
111
102
32
103
111
97
108
32
100
114
105
118
101
110
32
115
121
115
116
101
109
115
46
10
84
104
105
115
32
112
97
114
97
103
114
97
112
104
226
128
153
115
32
97
117
116
104
111
114
32
105
115
32
83
116
101
118
101
32
79
109
111
104
117
110
100
114
111
46
32
84
97
108
108
44
32
102
105
116
44
32
101
110
101
114
103
101
116
105
99
44
32
97
110
100
10
112
114
101
116
116
121
32
100
97
114
110
32
99
104
101
101
114
102
117
108
32
102
111
114
32
115
111
109
101
111
110
101
32
119
104
111
226
128
153
115
32
112
101
101
114
101
100
32
100
101
101
112
32
105
110
116
111
32
116
104
101
32
109
97
119
32
111
102
32
116
104
101
10
105
110
116
101
108
108
105
103
101
110
99
101
32
101
120
112
108
111
115
105
111
110
46
32
