1952
2345
2286
1585
1080
2240
2264
1475
2458
2121
2235
1442
1527
1310
2290
1362
1475
2180
2416
2121
1508
2218
2265
2243
2111
1670
1189
2301
1362
1629
2191
2427
2198
1420
1512
2316
2154
1574
2267
2275
2426
1512
1615
1376
1542
2165
1530
2246
2361
1362
1541
2387
2304
1342
2319
1681
1354
2288
2110
1362
2207
2180
2160
672
2382
2337
2416
672
2271
2437
1574
1512
2151
2330
1475
2245
2286
2261
2370
1549
1211
1322
2147
2356
430
2094
1805
2415
1497
1476
1492
1736
1607
2436
1392
2319
1464
2311
1362
2459
2381
1747
1288
2110
1532
2077
1492
2299
2381
2239
2282
2387
2306
1431
2304
1502
1464
2227
2408
2221
672
2130
2364
2265
2298
1571
1365
1242
2177
2446
672
2037
2288
2188
1013
1082
1277
2224
2381
1532
2319
1541
2257
2348
1420
1322
2376
1464
2161
2431
1512
2242
2427
2286
1502
2447
2315
1452
2097
1596
1080
2354
2155
1585
2327
1703
1210
2074
2271
1512
2117
2390
2275
1629
2271
2304
1442
2286
1464
2161
2365
1431
1392
2413
2377
2081
2365
1596
2195
2271
2360
2425
1594
1492
2519
1571
672
1870
2321
1431
2070
1332
2386
2391
1512
1332
1754
1591
1610
1635
1529
1596
1432
2154
2371
2459
672
2392
2261
2279
2211
1574
2092
1607
2218
1362
1815
1813
1492
2279
2315
2238
2298
1210
1398
2131
2284
2177
2388
1431
1606
1462
1960
1661
1574
2326
2447
1530
2057
2386
2281
2268
2331
804
1332
2275
1541
2309
2281
2361
1530
2101
1392
2114
2147
2345
1362
2288
2097
2165
1420
1512
2386
1464
2101
1462
2162
2191
2267
2260
2260
1167
1966
2125
2361
2370
1392
1442
2411
2304
1512
2327
1585
1656
1280
2033
2297
2394
2161
2288
2491
1362
2290
2301
1402
2174
2077
2354
2359
672
2179
2191
2277
2228
2150
1452
2099
2371
1639
1431
1322
2222
2254
1541
2359
1462
1398
2437
2325
2328
2280
2205
2390
2143
812
1387
1002
1819
1464
2271
2305
2275
1605
2372
2238
2217
2491
2305
1530
2273
1362
2414
2391
2218
2321
1596
1454
1140
2059
2271
2387
1288
2070
1452
2155
1596
1663
3516
2378
2876
1452
1585
2447
2199
1464
1322
1387
1392
2224
2321
2078
2241
2446
1432
1629
2265
2208
1508
1512
2195
2220
2190
2121
2261
1540
672
2178
2221
1452
2110
1387
2300
2243
2251
2264
1541
2457
2405
1382
2297
2310
2348
1431
2425
2305
1322
2255
1596
1512
2195
2315
1260
1420
2221
2365
2165
1713
1530
2301
2110
672
2398
2121
2264
2331
672
2059
1167
2404
2101
2172
2297
2288
2178
2341
826
1372
2067
2295
1596
2314
2321
2287
2286
1492
2415
2392
2081
2189
2155
2117
2288
1382
1552
2414
2151
2099
2157
1747
2106
2265
1541
2230
2235
1624
672
2345
2286
2612
2589
2685
2368
2198
672
2264
2311
2385
2235
2375
2416
1120
2078
1431
2125
1530
2133
1402
2426
2257
2404
2370
2121
2240
672
2371
2112
2132
1584
1322
2449
2205
2298
1508
1342
2246
2334
2411
1362
2276
1541
1512
2118
2264
1431
1727
2347
1502
2365
1530
1946
2261
1402
2301
2276
1604
1431
2124
1362
3459
2347
2619
2324
2165
1310
2271
2375
1522
2057
2250
2110
1352
1519
2177
2277
1431
1260
2199
2311
2242
1475
2221
2285
672
2381
2162
1362
1475
2416
2275
2201
2158
2262
1554
1322
2047
2290
2110
672
2429
2265
2378
2198
1492
2426
1574
1981
1082
1596
2211
1462
2237
2169
2243
1607
2195
2224
2291
1362
1574
2081
2415
1541
2337
2414
1409
2081
2255
1392
2359
2165
2456
2154
2371
1607
2246
1452
2254
1211
2283
2237
2394
2220
1322
2272
2371
2264
1260
1387
2250
2501
2311
2180
2211
672
2161
2288
2425
2121
3566
2488
2733
2295
1362
2365
2057
2132
1431
2436
2371
1646
1462
2094
2174
2151
1585
2271
1392
2242
1541
2396
2251
2320
2266
2165
2217
2338
1508
2441
1372
1464
2207
2264
2189
2292
2427
2338
1402
2258
2121
1464
2217
2308
2235
2241
1704
1365
1402
2399
2275
2328
2298
1532
2231
2179
2099
2387
2414
550
1530
2341
2386
1542
2088
2251
2239
1387
2337
2365
2101
1432
2446
2144
2161
2431
1382
1629
2261
2264
2191
1372
1682
2394
2231
2253
2334
2117
2189
2169
2271
2150
1462
2255
1650
672
2217
2466
1322
2416
2234
2161
1452
2295
1596
2037
1574
2396
1624
1462
2058
2367
2286
1442
1398
2301
2139
2227
2327
1365
2201
1322
2321
2332
672
2456
2154
2251
1260
2205
2320
2376
2404
1475
2320
2285
1475
2139
1512
2360
2077
2356
2307
1694
1431
1502
2391
2242
1362
2273
1541
2107
2238
1382
2140
1704
2305
2418
2121
2220
1352
1585
2321
2235
2356
2101
2369
2345
1476
1270
1974
2254
2255
2415
792
1552
2207
2424
2167
2233
2304
2167
2262
1464
2986
1928
2153
1815
792
1167
2377
2326
2234
2271
2244
1422
2205
2365
1382
1233
2296
2251
2348
2121
1452
1869
2279
2271
2244
2297
2360
2250
1694
1541
1626
1432
1894
2277
2238
2288
1514
672
2122
2165
2246
1484
792
1431
2180
2211
2254
1453
2201
2386
2295
2099
944
672
1937
2220
3360
1390
2762
2434
2121
1596
2396
2471
1462
2220
2177
2404
2220
1352
1409
2304
2151
2081
2414
1442
2257
2288
452
2092
2361
2414
1402
2285
2271
2189
2161
2191
2290
1431
1502
2479
2264
2231
3626
2458
2783
2425
1362
2312
2191
2161
2284
2121
2200
1342
2110
1431
2301
2342
1452
3415
2490
2806
2381
672
2256
2154
1431
1502
2169
2227
2359
1502
2241
2172
1362
2276
1464
2301
1160
2315
2250
1596
2251
2198
2278
2125
2183
2211
2260
2189
2141
672
2161
2470
2342
2268
2191
2425
2165
2221
1800
826
452
2793
2720
1879
1294
2668
2694
1749
2926
2525
2659
1724
1813
1550
2728
1628
1749
2594
2876
2525
1788
2640
2697
2671
2513
1982
1407
2741
1628
1931
2607
2889
2616
1684
1808
2756
2564
1866
2697
2707
2888
1808
1917
1628
1844
2577
1814
2672
2811
1628
1827
2841
2742
1604
2759
1995
1602
2724
2512
1628
2629
2594
2572
800
2836
2781
2876
800
2703
2901
1866
1808
2561
2772
1749
2671
2720
2693
2822
1839
1433
1580
2557
2804
514
2490
2145
2875
1775
1762
1784
2070
1905
2900
1664
2759
1736
2749
1628
2927
2835
2073
1524
2512
1832
2473
1784
2739
2835
2665
2716
2841
2744
1697
2742
1796
1736
2653
2866
2645
800
2536
2814
2697
2734
1865
1615
1484
2593
2912
800
2425
2724
2604
1203
1292
1515
2648
2833
1832
2759
1827
2685
2796
1684
1580
2828
1736
2573
2893
1808
2668
2889
2720
1796
2913
2755
1736
2497
1892
1294
2802
2565
1879
2771
2031
1450
2472
2703
1808
2521
2846
2707
1931
2705
2742
1724
2720
1736
2573
2815
1697
1664
2873
2829
2477
2815
1892
2613
2703
2810
2887
1904
1784
2999
1865
800
2222
2765
1697
2464
1592
2840
2847
1808
1576
2082
1889
1912
1941
1815
1892
1712
2564
2823
2927
800
2848
2691
2711
2633
1866
2490
1905
2640
1628
2165
2161
1784
2711
2757
2664
2736
1450
1658
2537
2720
2593
2842
1697
1918
1748
2338
1971
1866
2768
2913
1814
2449
2840
2717
2700
2773
956
1592
2707
1827
2749
2717
2811
1814
2501
1664
2516
2557
2791
1628
2724
2497
2577
1684
1808
2840
1736
2501
1748
2574
2607
2697
2690
2692
1381
2336
2529
2811
2822
1664
1710
2871
2742
1808
2769
1879
1978
1534
2423
2733
2850
2573
2724
2965
1628
2726
2739
1676
2588
2473
2802
2809
800
2595
2607
2709
2652
2560
1736
2499
2823
1945
1697
1580
2646
2682
1827
2809
1748
1658
2901
2769
2772
2716
2625
2846
2551
968
1645
1196
2163
1736
2705
2743
2707
1917
2824
2664
2641
2965
2745
1814
2707
1628
2874
2847
2642
2763
1892
1736
1366
2451
2703
2841
1524
2464
1736
2565
1892
1983
4174
2828
3418
1736
1879
2913
2619
1736
1580
1645
1664
2646
2763
2474
2667
2912
1712
1931
2697
2628
1788
1808
2613
2642
2608
2525
2693
1828
800
2594
2645
1736
2512
1645
2738
2671
2681
2694
1827
2925
2863
1652
2733
2750
2796
1697
2887
2743
1580
2685
1892
1808
2613
2755
1510
1684
2645
2815
2577
2035
1814
2741
2512
800
2854
2525
2694
2773
800
2451
1381
2862
2501
2586
2733
2724
2592
2785
982
1640
2463
2733
1892
2756
2763
2721
2720
1784
2875
2848
2477
2607
2565
2521
2724
1652
1840
2874
2561
2499
2569
2073
2504
2697
1827
2654
2659
1940
800
2793
2720
3128
3083
3201
2820
2616
800
2694
2753
2839
2661
2827
2876
1342
2474
1697
2529
1814
2539
1676
2888
2685
2862
2822
2525
2668
800
2823
2514
2538
1892
1580
2915
2625
2736
1788
1604
2672
2778
2869
1628
2708
1827
1808
2522
2694
1697
2053
2795
1796
2817
1814
2312
2691
1676
2739
2708
1904
1697
2526
1628
4129
2797
3123
2768
2577
1550
2705
2827
1820
2449
2678
2512
1616
1801
2593
2711
1697
1510
2619
2751
2668
1749
2645
2719
800
2835
2574
1628
1749
2876
2707
2621
2568
2694
1856
1580
2437
2726
2512
800
2891
2697
2832
2616
1784
2888
1866
2353
1292
1892
2631
1748
2665
2583
2669
1905
2613
2646
2729
1628
1866
2477
2875
1827
2781
2874
1671
2477
2683
1664
2807
2577
2924
2564
2823
1905
2672
1736
2682
1433
2719
2665
2850
2644
1580
2706
2823
2694
1510
1645
2678
2977
2751
2594
2633
800
2573
2724
2887
2525
4234
2960
3249
2731
1628
2815
2449
2538
1697
2900
2821
1966
1748
2496
2588
2561
1879
2705
1664
2668
1827
2852
2681
2762
2696
2577
2641
2784
1788
2905
1640
1736
2629
2694
2605
2730
2889
2784
1676
2690
2525
1736
2641
2746
2661
2667
2022
1615
1676
2855
2709
2772
2736
1832
2655
2595
2499
2841
2874
658
1814
2787
2840
1844
2486
2681
2667
1645
2781
2815
2501
1712
2912
2552
2573
2893
1652
1931
2693
2694
2609
1640
1996
2850
2655
2683
2778
2521
2605
2581
2705
2560
1748
2685
1958
800
2641
2936
1580
2876
2660
2573
1736
2731
1892
2425
1866
2852
1940
1748
2450
2817
2720
1724
1658
2741
2547
2653
2769
1615
2621
1580
2763
2778
800
2924
2564
2681
1510
2625
2762
2828
2862
1749
2762
2719
1749
2547
1808
2810
2473
2804
2745
2010
1697
1796
2847
2670
1628
2707
1827
2509
2664
1652
2548
2022
2745
2878
2525
2642
1616
1879
2761
2659
2804
2501
2821
2791
1762
1522
2352
2684
2685
2875
944
1840
2629
2886
2581
2659
2742
2581
2692
1736
3538
2288
2553
2155
944
1381
2829
2768
2660
2703
2670
1700
2625
2815
1652
1463
2732
2681
2794
2525
1736
2227
2713
2703
2672
2733
2810
2680
2010
1827
1942
1712
2256
2713
2664
2724
1808
800
2526
2577
2672
1772
944
1697
2594
2633
2682
1723
2621
2840
2733
2499
1124
800
2305
2642
4012
1666
3292
2898
2525
1892
2852
2941
1748
2644
2593
2862
2642
1616
1671
2744
2561
2477
2874
1710
2685
2724
536
2490
2811
2874
1676
2719
2703
2605
2573
2607
2726
1697
1796
2951
2696
2655
4306
2924
3309
2887
1628
2752
2609
2573
2718
2525
2620
1604
2512
1697
2741
2788
1736
4077
2966
3344
2835
800
2684
2564
1697
1796
2581
2653
2807
1796
2667
2586
1628
2708
1736
2741
1390
2757
2678
1892
2681
2616
2712
2529
2599
2633
2690
2607
2549
800
2573
2940
2788
2700
2607
2887
2577
2643
2138
982
536
